60.419617 -10.873123 125.624678 20.013803 16.390677 0.082957 35.444223 1195.000000 562.000000 -115.714256 33.425507
53.095091 -7.978572 -162.036129 20.104953 18.086264 0.041744 42.180995 958.000000 484.000000 -115.793263 33.451509
64.437290 -13.322359 -154.899066 20.139704 18.764499 0.017776 31.346725 1325.000000 628.000000 -115.670920 33.403505
62.026686 -9.166080 13.508349 20.151411 16.955873 0.041744 38.080078 1247.000000 516.000000 -115.696922 33.440842
58.781643 -8.869203 -152.865006 20.209596 17.294990 0.029760 39.232360 1142.000000 508.000000 -115.731924 33.443509
58.843453 -8.869203 -160.262095 20.210453 17.747147 0.017776 39.220630 1144.000000 508.000000 -115.731258 33.443509
64.468195 -13.359469 -156.932428 20.258813 18.651460 0.023768 31.295005 1326.000000 629.000000 -115.670586 33.403172
59.894229 -11.318439 -123.639324 20.427882 16.729795 0.082957 34.824452 1178.000000 574.000000 -115.719924 33.421507
51.673453 -2.152359 -10.261962 20.446876 18.651460 0.029760 58.719806 912.000000 327.000000 -115.808597 33.503847
54.331298 -12.097741 39.787779 20.647150 16.616755 0.073744 34.478062 998.000000 595.000000 -115.779928 33.414506
64.066428 -11.912193 -173.681942 20.703934 16.955873 0.066570 33.316321 1313.000000 590.000000 -115.674920 33.416173
61.532204 -9.054751 11.240395 20.725445 16.842834 0.083688 38.372916 1231.000000 513.000000 -115.702255 33.441842
52.909660 -7.941462 -160.357633 20.726473 18.764499 0.035752 42.300628 952.000000 483.000000 -115.795263 33.451843
53.095091 -8.052791 -157.882685 20.818637 18.990578 0.029760 42.022115 958.000000 486.000000 -115.793263 33.450843
53.002375 -7.978572 -163.845172 20.942558 19.103617 0.029760 42.200840 955.000000 484.000000 -115.794263 33.451509
59.925134 -10.947342 -115.534782 20.995497 19.329695 0.027498 35.404308 1179.000000 564.000000 -115.719590 33.424840
51.704358 -2.152359 -19.642367 21.101048 19.103617 0.035752 58.709095 913.000000 327.000000 -115.808264 33.503847
54.238582 -11.949303 37.103969 21.128934 16.955873 0.078090 34.720180 995.000000 591.000000 -115.780928 33.415840
54.269487 -11.986412 44.888137 21.128934 16.955873 0.078090 34.658186 996.000000 592.000000 -115.780595 33.415506
52.940565 -7.941462 -164.221851 21.225906 19.216656 0.035752 42.293986 953.000000 483.000000 -115.794930 33.451843
59.894229 -11.244219 -111.336015 21.226896 18.990578 0.055228 34.940055 1178.000000 572.000000 -115.719924 33.422174
58.905264 -8.906312 -167.233885 21.266307 18.199304 0.029760 39.138388 1146.000000 509.000000 -115.730591 33.443175
51.549832 -2.449236 26.550582 21.457276 19.103617 0.053728 57.740349 908.000000 335.000000 -115.809931 33.501180
51.735263 -2.115249 -18.141998 21.605948 19.329695 0.047736 58.827590 914.000000 326.000000 -115.807931 33.504180
52.971470 -7.978572 -164.716214 21.605948 19.329695 0.047736 42.207458 954.000000 484.000000 -115.794596 33.451509
58.874358 -8.906312 -163.620251 21.662574 18.538421 0.029760 39.144232 1145.000000 509.000000 -115.730924 33.443175
54.671255 -10.761794 -123.900462 21.970278 19.329695 0.082957 36.569987 1009.000000 559.000000 -115.776261 33.426507
62.119402 -9.203190 16.405843 22.045218 18.425382 0.047736 37.996270 1250.000000 517.000000 -115.695922 33.440508
51.395306 -2.263688 -4.785720 22.100523 20.347048 0.022066 58.429855 903.000000 330.000000 -115.811598 33.502847
53.156901 -8.127010 -153.305513 22.364051 20.007930 0.047736 41.851147 960.000000 488.000000 -115.792596 33.450176
59.894229 -10.984452 -114.201330 22.364051 20.007930 0.055228 35.349985 1178.000000 565.000000 -115.719924 33.424507
59.894229 -11.207110 -105.057349 22.618072 20.347048 0.048295 34.998108 1178.000000 571.000000 -115.719924 33.422507
62.088497 -9.166080 16.503883 22.720139 18.877539 0.053728 38.068923 1249.000000 516.000000 -115.696255 33.440842
51.642548 -2.041030 -14.541957 23.122155 20.686165 0.047736 59.119453 911.000000 324.000000 -115.808931 33.504847
51.642548 -2.152359 -10.935445 23.203019 20.347048 0.077696 58.730519 911.000000 327.000000 -115.808931 33.503847
51.457116 -2.263688 -0.827394 23.205549 21.364400 0.022066 58.408568 905.000000 330.000000 -115.810931 33.502847
64.499100 -13.359469 -158.400160 23.387649 19.329695 0.059720 31.291048 1327.000000 629.000000 -115.670253 33.403172
64.499100 -13.396578 -155.885091 23.387649 19.329695 0.059720 31.243438 1327.000000 630.000000 -115.670253 33.402839
51.549832 -2.412126 24.930074 23.488734 20.912243 0.053728 57.866905 908.000000 334.000000 -115.809931 33.501513
58.781643 -8.572326 -33.306472 23.602485 19.329695 0.052012 39.804819 1142.000000 500.000000 -115.731924 33.446175
58.781643 -8.609435 -35.617561 23.602485 19.329695 0.052012 39.732501 1142.000000 501.000000 -115.731924 33.445842
60.203281 -11.318439 163.720963 23.664407 18.990578 0.107656 34.776682 1188.000000 574.000000 -115.716590 33.421507
53.280522 -2.078140 -10.633087 23.867961 19.329695 0.089680 58.421899 964.000000 325.000000 -115.791263 33.504513
55.351169 -11.355548 -159.719530 23.922396 20.799204 0.095672 35.480472 1031.000000 575.000000 -115.768927 33.421173
59.801514 -10.947342 -125.009019 24.101105 21.364400 0.069092 35.424007 1175.000000 564.000000 -115.720924 33.424840
51.642548 -1.892591 -22.607023 24.123565 21.477439 0.053728 59.642985 911.000000 320.000000 -115.808931 33.506180
59.863324 -11.095781 -107.572131 24.125943 21.703517 0.048295 35.178147 1177.000000 568.000000 -115.720257 33.423507
51.426211 -2.263688 -5.051732 24.164490 22.042635 0.027629 58.419210 904.000000 330.000000 -115.811264 33.502847
53.187806 -2.078140 -12.387824 24.202869 19.668813 0.083688 58.453843 961.000000 325.000000 -115.792263 33.504513
59.925134 -10.724685 -90.000000 24.620160 20.007930 0.093294 35.763345 1179.000000 558.000000 -115.719590 33.426841
51.209875 -2.300797 -10.935445 24.620981 21.590478 0.077696 58.365486 897.000000 331.000000 -115.813598 33.502513
51.518927 -2.189468 -13.652853 25.520192 22.720870 0.053728 58.644341 907.000000 328.000000 -115.810264 33.503513
53.002375 -2.189468 -15.158332 25.977091 20.686165 0.125632 58.133790 955.000000 328.000000 -115.794263 33.503513
51.518927 -2.337907 6.955916 26.010783 23.399105 0.038755 58.131652 907.000000 332.000000 -115.810264 33.502180
53.218711 -2.078140 -12.129390 26.101221 21.138322 0.089680 58.443193 962.000000 325.000000 -115.791929 33.504513
59.894229 -11.021562 -107.216799 26.123047 21.590478 0.069092 35.290912 1178.000000 566.000000 -115.719924 33.424174
53.064186 -2.152359 -14.027733 26.763323 21.364400 0.119640 58.240229 957.000000 327.000000 -115.793596 33.503847
59.894229 -11.132891 -107.216799 26.984808 21.929596 0.096822 35.114720 1178.000000 569.000000 -115.719924 33.423174
51.240780 -2.300797 -1.987384 27.302735 23.738222 0.088821 58.354856 898.000000 331.000000 -115.813264 33.502513
51.271685 -2.300797 -5.544654 27.370987 23.738222 0.094384 58.344228 899.000000 331.000000 -115.812931 33.502513
59.925134 -10.613356 -66.942218 27.612953 22.042635 0.138416 35.945240 1179.000000 555.000000 -115.719590 33.427841
59.894229 -10.836013 -112.438623 28.547731 23.286066 0.089889 35.588007 1178.000000 561.000000 -115.719924 33.425841
59.925134 -10.873123 -112.012267 28.824894 23.512144 0.089889 35.523289 1179.000000 562.000000 -115.719590 33.425507
51.364401 -2.263688 -6.640138 29.564275 25.772927 0.083259 58.440502 902.000000 330.000000 -115.811931 33.502847
51.488022 -2.226578 -7.279042 31.493209 27.807632 0.061007 58.526306 906.000000 329.000000 -115.810597 33.503180
