57.441605 -9.017641 169.533499 20.001649 17.730442 0.059627 39.122735 1004.000000 509.000000 -115.976777 33.597132
75.334264 -10.873123 -171.785626 20.004626 17.810309 0.053645 33.122329 1584.000000 559.000000 -115.783429 33.580464
58.798979 -10.427807 -108.075437 20.351762 17.970042 0.076015 36.361964 1048.000000 547.000000 -115.962110 33.584464
75.118318 -10.873123 -167.384377 20.621815 18.449243 0.047662 33.153038 1577.000000 559.000000 -115.785762 33.580464
69.102683 -11.466877 -167.764183 20.621815 18.449243 0.047662 33.161620 1382.000000 575.000000 -115.850767 33.575130
59.076624 -6.976611 124.889985 20.668409 17.970042 0.110672 42.981848 1057.000000 454.000000 -115.959109 33.615467
58.829829 -10.464917 -110.944345 20.674525 18.129776 0.089878 36.294648 1049.000000 548.000000 -115.961776 33.584131
45.934775 -0.927741 -75.033778 20.991401 18.688844 0.062152 65.298461 631.000000 291.000000 -116.101121 33.669804
45.934775 -0.964851 -70.666368 20.992722 18.608977 0.069083 65.152435 631.000000 292.000000 -116.101121 33.669471
69.164382 -11.503987 -171.098502 21.081108 18.768711 0.053645 33.099937 1384.000000 576.000000 -115.850101 33.574797
59.200022 -6.753954 140.263095 21.353112 18.928445 0.043287 43.452644 1061.000000 448.000000 -115.957776 33.617467
59.323419 -6.791063 159.412489 21.425262 19.168045 0.047662 43.341313 1065.000000 449.000000 -115.956442 33.617134
45.317786 -2.783223 -174.550724 21.500423 17.970042 0.044238 58.640543 611.000000 341.000000 -116.107788 33.653136
58.613883 -9.871163 -112.629127 21.538518 19.647246 0.034426 37.349368 1042.000000 532.000000 -115.964110 33.589465
52.073808 -9.908273 -156.817074 21.626073 19.727113 0.029714 38.456911 830.000000 533.000000 -116.034782 33.589131
58.583033 -9.796944 -103.919680 21.966171 19.886847 0.041358 37.485581 1041.000000 530.000000 -115.964443 33.590131
59.076624 -6.939502 130.184748 22.377683 19.407646 0.073690 43.064307 1057.000000 453.000000 -115.959109 33.615800
45.533732 -2.857442 -151.992499 22.511189 17.970042 0.086719 58.308470 618.000000 343.000000 -116.105454 33.652470
73.174805 -11.058671 -137.848657 22.697634 19.407646 0.104092 33.164779 1514.000000 564.000000 -115.806764 33.578797
58.768130 -9.982492 -121.723178 22.727974 20.445915 0.048289 37.127900 1047.000000 535.000000 -115.962443 33.588465
58.644732 -9.945382 -116.829225 22.760129 20.605649 0.041358 37.213999 1043.000000 534.000000 -115.963776 33.588798
59.138323 -6.828173 129.605984 23.771150 20.845249 0.056317 43.299400 1059.000000 450.000000 -115.958443 33.616800
50.716433 -11.281329 180.000000 24.117910 21.084850 0.077555 36.282110 786.000000 570.000000 -116.049450 33.576797
58.675582 -10.242259 -119.752471 26.584515 23.241255 0.096809 36.696552 1044.000000 542.000000 -115.963443 33.586131
58.706431 -9.908273 -123.817905 26.864326 23.720456 0.076015 37.268116 1045.000000 533.000000 -115.963110 33.589131
58.613883 -10.019602 -108.097762 27.166323 23.560722 0.117604 37.090143 1042.000000 536.000000 -115.964110 33.588131
53.184386 -10.464917 -163.040865 30.421455 26.595663 0.083558 37.257457 866.000000 548.000000 -116.022781 33.584131
