Site          Lon          Lat      Delta E      Delta N      Delta V      Sigma E      Sigma N      Sigma V
BEMT  -115.998193    34.000533     3.295766    -0.094456    -0.554101     0.272715     0.333177     1.104405
BLYT  -114.714853    33.610414     5.638817    -4.106806    -1.824568     0.271747     0.324651     1.074259
BOMG  -115.729707    33.364628    -1.337905   -18.451511     8.912446     0.284714     0.342484     1.182521
CACT  -115.989952    33.655135     0.000000     0.000000     0.000000     0.281677     0.338696     1.136039
COTD  -116.386893    33.732487    -7.984998    11.199876    -6.535731     0.326365     0.361383     1.357052
CRRS  -115.735045    33.069808    -1.714581   -19.197181     3.233758     0.286970     0.344805     1.219396
DESC  -116.641803    32.829920   -35.553633    27.639711    -9.151812     0.286564     0.338047     1.163533
DHLG  -115.788031    33.389806    -1.246478    -5.835633     1.671937     0.282578     0.337160     1.155550
DSSC  -116.712093    33.733332    -9.393918    16.712054    -2.822087     0.359596     0.389112     1.599870
GMPK  -114.827347    33.051084    14.889551    -8.368118    -0.960706     0.328190     0.374973     1.432358
HNPS  -115.635338    33.705005     3.997420    -8.068549    -0.723470     0.300402     0.368259     1.444485
IID2  -115.031804    32.706168    42.823506   -22.260755    -5.403985     0.294626     0.347020     1.245266
KYVW  -116.173398    33.925369    -0.139847     3.171923    -0.606934     0.284324     0.338645     1.151720
MONP  -116.422355    32.891942   -36.358634    25.955548    -8.348005     0.283786     0.332494     1.146117
MVFD  -116.525318    33.210874   -21.604561    20.608005    -7.423012     0.293568     0.344551     1.213843
P066  -116.169792    32.616526   -87.532651    27.553024   -12.043840     0.273393     0.327757     1.108956
P480  -116.348540    32.975997   -30.579350    21.435014    -5.581229     0.277685     0.337412     1.153036
P481  -116.010795    32.822240   -37.304452     7.356504     0.366709     0.279205     0.335458     1.159868
P482  -116.671417    33.240180   -24.097688    21.694968    -6.954021     0.284216     0.343673     1.186101
P483  -116.569330    33.059165   -27.247824    25.336456    -5.525095     0.269586     0.328010     1.089237
P484  -116.620842    33.375593   -18.049122    20.111714    -4.122545     0.279002     0.338791     1.168934
P485  -116.409043    33.210213   -19.901691    18.811652    -2.976801     0.297858     0.359457     1.311745
P486  -116.322290    33.260192   -16.931747    15.561922    -9.172988     0.278569     0.339380     1.155963
P487  -116.183076    33.213532   -14.842313    10.567248    -0.510478     0.274210     0.332529     1.122887
P488  -116.078813    33.201016   -11.236358     4.696865     0.375436     0.273843     0.332429     1.117840
P489  -116.111611    33.296213    -8.215674     6.149839     1.173372     0.282814     0.340507     1.197213
P490  -116.425908    33.523463   -10.527054    13.030239    -0.054032     0.287342     0.339750     1.197826
P491  -116.226827    33.574679    -6.925056     6.251568     0.280965     0.284577     0.357714     1.220071
P492  -115.969454    32.887049   -19.628632    -1.961569     5.600504     0.285695     0.340355     1.188692
P493  -115.824894    32.954703    -9.149577   -24.403192    10.668920     0.275890     0.331752     1.127408
P494  -115.732070    32.759655    32.823866  -177.737370   -13.616833     0.292279     0.350539     1.249862
P495  -115.628396    33.044961    -6.587690   -23.241415     2.073809     0.276098     0.334080     1.126490
P496  -115.595956    32.750626     6.609415  -160.594998    10.972973     0.285675     0.338339     1.187317
P497  -115.577034    32.834735     1.280783   -79.857736    12.545007     0.284040     0.341689     1.179133
P498  -115.569568    32.898431    -0.008772   -52.255717     9.946912     0.289089     0.344298     1.202019
P499  -115.487914    32.979606    14.336697   -44.180977     3.270513     0.289127     0.342619     1.222030
P500  -115.299933    32.690046    65.556999   -55.800612     7.252677     0.275755     0.331775     1.128405
P501  -115.397914    32.875756    22.024490   -48.898088     4.738361     0.285431     0.344065     1.191998
P502  -115.421913    32.982450    13.939047   -38.639325     5.826257     0.284818     0.346642     1.183901
P503  -115.720185    32.948915     3.459980   -44.316463    11.856009     0.279783     0.336755     1.159145
P504  -115.765849    33.516410     1.790842    -8.877887    -1.938041     0.287284     0.348223     1.253104
P505  -115.687002    33.423873     3.846179   -11.990427     1.884751     0.286388     0.347293     1.216949
P506  -115.510200    33.081430     7.833215   -34.357482     4.774767     0.340705     0.386249     1.492442
P507  -115.612407    33.199975     0.948428   -30.244221    -7.503036     0.281598     0.341579     1.177383
P508  -115.428707    33.247780     5.902285   -19.920022     3.696972     0.283779     0.341168     1.172332
P509  -115.293919    32.890662    22.654910   -36.379794     2.864007     0.274105     0.331321     1.121193
P510  -115.343334    33.143574     7.992972   -22.818009     0.979769     0.284636     0.338414     1.200444
P511  -115.296103    33.886934     5.453224    -6.867367    -2.258548     0.288367     0.340986     1.184982
P600  -116.211879    33.865846    -0.687932     4.600099    -0.698767     0.269999     0.332656     1.091928
P601  -116.080230    33.959296     1.495719    -0.138707    -1.190389     0.272778     0.333587     1.102622
P607  -115.820655    33.741039     1.759419    -4.482334    -1.027725     0.279766     0.340710     1.155656
P608  -115.686605    33.994083     3.787041    -4.329373    -0.999696     0.269599     0.332629     1.093247
P740  -116.595979    33.598195   -11.350437    15.596820     2.305411     0.360163     0.451195     2.181344
P741  -116.531024    33.557474    -7.725507    15.212027    -0.410561     0.331710     0.365229     1.380994
P742  -116.602576    33.495543   -15.228277    17.379095    -5.127049     0.278445     0.343361     1.170411
P744  -115.508407    32.829382     6.950218   -64.735230    15.217127     0.277423     0.333017     1.131578
PIN1  -116.458164    33.612157    -9.439919    11.893052    -5.877900     0.281506     0.338193     1.139247
PIN2  -116.457622    33.612149    -9.455296    11.621839    -6.742912     0.281591     0.338633     1.149144
POTR  -116.590868    32.618413   -45.895720    27.609610    -9.402657     0.284572     0.334808     1.164872
PSAP  -116.493995    33.819238    -6.432769    12.195673    -4.913114     0.286594     0.339977     1.158282
SLMS  -115.977845    33.292228    -3.380804    -0.412789    -1.548539     0.280531     0.337050     1.158551
TMAP  -116.160464    33.641246    -3.511744     6.566096     7.311280     0.295906     0.349801     1.229497
USGC  -116.085339    33.030065   -18.842979     8.338555    -1.721398     0.274233     0.331293     1.117517
WIDC  -116.391785    33.934758    -1.931176     8.098458    -3.908038     0.299678     0.357091     1.245221
WWMT  -116.653860    33.955314    -4.856676    13.384010    -1.875778     0.312894     0.369609     1.286534
